Number Of Threads		Array Size		Peak Performance		Average Performance		
                8		      2000		     308.3886514		          279.67584
                8		     10000		      2253.60743		        1336.080982
                8		     50000		     36621.09072		        6532.212747
                8		    250000		     36621.09072		        12063.29148
                8		   1250000		     36621.09072		        12858.66523
                8		   6250000		     36621.09072		        14619.94929
                8		  31250000		     36621.09072		         18570.3956
Number Of Threads		Array Size		Peak Performance		Average Performance		
                8		      2000		     976.5589498		        339.3715864
                8		     10000		             inf		                inf
                8		     50000		             inf		                inf
                8		    250000		             inf		                inf
                8		   1250000		             inf		                inf
                8		   6250000		             inf		                inf
                8		  31250000		             inf		                inf
Number Of Threads		Array Size		Peak Performance		Average Performance		
                8		      2000		     1953.145655		        454.9585316
                8		     10000		     4882.794749		        2037.099856
                8		     50000		     4882.794749		        3487.036718
                8		    250000		     73242.33757		        13053.92811
                8		   1250000		     73242.33757		        21615.15552
                8		   6250000		     73242.33757		        24325.02549
                8		  31250000		     73242.33757		        27061.24477
Number Of Threads		Array Size		Peak Performance		Average Performance		
                8		      2000		     390.6246901		        296.2551159
                8		     10000		     14648.59241		        5136.674416
                8		     50000		     14648.59241		        7814.298662
                8		    250000		     38548.49492		        13322.24022
                8		   1250000		     38548.49492		        18277.82166
                8		   6250000		     38548.49492		        19643.69442
                8		  31250000		       45122.135		        27370.73681
Number Of Threads		Array Size		Peak Performance		Average Performance		
                8		      2000		     418.5273883		        292.7432826
                8		     10000		     14648.59241		        3593.697603
                8		     50000		     14648.59241		        7535.862878
                8		    250000		      91552.7268		        18418.11867
                8		   1250000		      91552.7268		        32403.75534
                8		   6250000		      91552.7268		        33851.64418
                8		  31250000		      91552.7268		         35672.3089
Number Of Threads		Array Size		Peak Performance		Average Performance		
                8		      2000		     450.7214861		        291.6774305
                8		     10000		             inf		                inf
                8		     50000		             inf		                inf
                8		    250000		             inf		                inf
                8		   1250000		             inf		                inf
                8		   6250000		             inf		                inf
                8		  31250000		             inf		                inf
Number Of Threads		Array Size		Peak Performance		Average Performance		
                8		      2000		     450.7214861		        290.6171309
                8		     10000		     29295.93586		        5010.076382
                8		     50000		     29295.93586		        6349.288672
                8		    250000		     244139.7374		        47248.89229
                8		   1250000		     281700.9288		        83596.53128
                8		   6250000		     281700.9288		        86369.22727
                8		  31250000		     281700.9288		        106984.5689
Number Of Threads		Array Size		Peak Performance		Average Performance		
                8		      2000		     450.7214861		        301.5412723
                8		     10000		     29297.18483		        4033.582224
                8		     50000		     29297.18483		        5932.155848
                8		    250000		     732398.3964		        80347.80472
                8		   1250000		     732398.3964		        86525.06897
                8		   6250000		     732398.3964		        117418.7308
                8		  31250000		     732398.3964		        124904.4025
Number Of Threads		Array Size		Peak Performance		Average Performance		
                8		      2000		     532.6698944		        304.2442452
                8		     10000		     4185.261138		        1274.947264
                8		     50000		     4185.261138		        1787.535098
                8		    250000		     4185.261138		        2439.219428
                8		   1250000		     19173.36198		        7134.975843
                8		   6250000		     19173.36198		        9056.416192
                8		  31250000		     19173.36198		        9403.438985
Number Of Threads		Array Size		Peak Performance		Average Performance		
                8		      2000		     308.3879594		        281.4148253
                8		     10000		     29297.18483		        6132.821442
                8		     50000		     29297.18483		        6868.457781
                8		    250000		     29297.18483		        8739.574636
                8		   1250000		     34548.23353		         13122.4431
                8		   6250000		     34548.23353		        14725.97948
                8		  31250000		     34548.23353		        18911.97326
Number Of Threads		Array Size		Peak Performance		Average Performance		
                8		      2000		     976.5589498		        385.0750954
                8		     10000		     29297.18483		          7288.9053
                8		     50000		     29297.18483		        13579.20828
                8		    250000		     366207.0041		        57549.25341
                8		   1250000		     366207.0041		        59460.71964
                8		   6250000		     366207.0041		        65531.54819
                8		  31250000		     366207.0041		        66216.21181
Number Of Threads		Array Size		Peak Performance		Average Performance		
                8		      2000		     292.9693503		        226.1992661
                8		     10000		     3662.109072		        1550.973787
                8		     50000		     10463.18471		        4030.685707
                8		    250000		     56340.18576		        16395.51901
                8		   1250000		     56340.18576		        18242.68551
                8		   6250000		     56340.18576		        20843.58333
                8		  31250000		     263082.8061		          48538.896
Number Of Threads		Array Size		Peak Performance		Average Performance		
                8		      2000		     308.3886514		        292.2681758
                8		     10000		             inf		                inf
                8		     50000		             inf		                inf
                8		    250000		             inf		                inf
                8		   1250000		             inf		                inf
                8		   6250000		             inf		                inf
                8		  31250000		             inf		                inf
