Number Of Threads		Array Size		Peak Performance		Average Performance		
                1		      2000		     308.3886514		        226.7828716
                1		     10000		     308.3886514		        430.7315546
                1		     50000		     456.3380185		        802.8922964
                1		    250000		     456.3380185		        1197.681201
                1		   1250000		     456.3380185		        1568.298564
                1		   6250000		     456.3380185		        1942.056369
                1		  31250000		     456.3380185		        2299.161781
Number Of Threads		Array Size		Peak Performance		Average Performance		
                1		      2000		     308.3886514		        299.1367517
                1		     10000		     465.0299594		         559.187083
                1		     50000		     465.0299594		        944.8536502
                1		    250000		     465.0299594		        1308.823597
                1		   1250000		     465.0299594		        1709.556913
                1		   6250000		     465.0299594		        2085.276452
                1		  31250000		     465.0299594		        2443.447923
Number Of Threads		Array Size		Peak Performance		Average Performance		
                1		      2000		     488.2812096		        454.4774584
                1		     10000		     488.2812096		        747.7164703
                1		     50000		     488.2812096		        1078.132336
                1		    250000		     488.2812096		        1466.630969
                1		   1250000		     488.2812096		         1799.63854
                1		   6250000		     488.2812096		        2170.184666
                1		  31250000		     488.2812096		        2539.877281
Number Of Threads		Array Size		Peak Performance		Average Performance		
                1		      2000		     488.2812096		         413.817217
                1		     10000		     488.2812096		        683.6352568
                1		     50000		     488.2812096		        1111.958595
                1		    250000		     488.2812096		        1378.291515
                1		   1250000		     488.2812096		        1693.995281
                1		   6250000		     488.2812096		        2076.621147
                1		  31250000		     488.2812096		        2434.817802
Number Of Threads		Array Size		Peak Performance		Average Performance		
                1		      2000		     450.7214861		        345.4724063
                1		     10000		     457.7639389		        584.5320867
                1		     50000		     457.7639389		         943.558104
                1		    250000		     457.7639389		        1348.620742
                1		   1250000		     457.7639389		        1722.044078
                1		   6250000		     457.7639389		         2075.35281
                1		  31250000		     457.7639389		        2447.331255
